2.2586 0.0000 0.0000 0.0000 0.0000 0.0000 0.0000 0.0000 0.0000 0.0000
0.0000 0.0000 1.2673 0.0000 0.0000 0.0000 0.0000 1.6568 1.6632 0.0000
0.0000 1.2147 0.0000 1.9761 1.9271 1.9271 1.8666 0.0000 1.6648 0.0000
0.0000 1.2388 0.0000 2.0117 2.0214 1.9596 1.9645 0.0000 1.6768 0.0000
2.2586 0.0000 0.0000 0.0000 0.0000 0.0000 0.0000 0.0000 0.0000 0.0000
0.0000 0.0000 1.2673 0.0000 0.0000 0.0000 0.0000 1.6568 1.6632 0.0000
0.0000 1.2147 0.0000 1.9761 1.9271 1.9271 1.8666 0.0000 1.6648 0.0000
0.0000 1.2388 0.0000 2.0117 2.0214 1.9596 1.9645 0.0000 1.6768 0.0000
2.2586 0.0000 0.0000 0.0000 0.0000 0.0000 0.0000 0.0000 0.0000 0.0000
0.0000 0.0000 1.2673 0.0000 0.0000 0.0000 0.0000 1.6568 1.6632 0.0000
0.0000 1.2147 0.0000 1.9761 1.9271 1.9271 1.8666 0.0000 1.6648 0.0000
0.0000 1.2388 0.0000 2.0117 2.0214 1.9596 1.9645 0.0000 1.6768 0.0000
2.2586 0.0000 0.0000 0.0000 0.0000 0.0000 0.0000 0.0000 0.0000 0.0000
0.0000 0.0000 1.2673 0.0000 0.0000 0.0000 0.0000 1.6568 1.6632 0.0000
0.0000 1.2147 0.0000 1.9761 1.9271 1.9271 1.8666 0.0000 1.6648 0.0000
0.0000 1.2388 0.0000 2.0117 2.0214 1.9596 1.9645 0.0000 1.6768 0.0000
